[['Acc x', 'Acc y', 'Acc z', 'Apogeo', 'Apogeo 2', 'Tiempo', 'Apote 2', 'Apote 1', 'Altura'], 
[0.0, 0.0, 0.0, 0.0, 0.0, 0.0, 0.0, 1.0, 0.0], 
[0.0, 0.0, 0.0, 0.0, 0.0, 0.0, 0.0, 1.0, 0.0], 
[0.0, 0.0, 0.0, 0.0, 0.0, 0.0, 0.0, 1.0, 0.0], 
[0.0, 0.0, 0.0, 0.0, 0.0, 0.0, 0.0, 1.0, 0.0], 
[0.0, 0.0, 0.0, 0.0, 0.0, 0.0, 0.0, 1.0, 0.0], 
[0.0, 0.0, 0.0, 0.0, 0.0, 0.0, 0.0, 1.0, 0.0], 
[0.0, 0.0, 0.0, 0.0, 0.0, 0.0, 0.0, 1.0, 0.0], 
[-0.25, -0.43, 9.53, 9.54, 0.0, 4.0, 0.0, 0.0, 0.0], 
[-0.27, -0.45, 9.51, 9.52, 0.0, 4.0, 0.0, 0.0, 0.0], 
[-0.25, -0.43, 9.51, 9.52, 0.0, 4.0, 0.0, 0.0, 0.0], 
[-0.28, -0.45, 9.53, 9.54, 0.0, 4.0, 0.0, 0.0, 0.09], 
[-0.26, -0.44, 9.5, 9.51, 0.0, 4.0, 0.0, 0.0, 0.09], 
[-0.26, -0.47, 9.51, 9.53, 0.08, 4.0, 0.0, 0.0, 0.09], 
[-0.29, -0.46, 9.52, 9.54, 0.08, 4.0, 0.0, 0.0, 0.09], 
[-0.27, -0.45, 9.5, 9.51, 0.08, 4.0, 0.0, 0.0, 0.0], 
[-0.25, -0.43, 9.53, 9.54, -0.07, 6.0, 0.0, 0.0, 0.0], 
[-0.27, -0.46, 9.5, 9.51, -0.07, 6.0, 0.0, 0.0, 0.0], 
[-0.27, -0.45, 9.5, 9.51, -0.07, 6.0, 0.0, 0.0, 0.0], 
[-0.21, -0.43, 9.54, 9.55, 0.0, 6.0, 0.0, 0.0, 0.0], 
[-0.23, -0.42, 9.53, 9.54, 0.0, 6.0, 0.0, 0.0, 0.0], 
[-0.25, -0.42, 9.49, 9.5, 0.0, 6.0, 0.0, 0.0, 0.0], 
[-0.22, -0.44, 9.45, 9.46, 0.0, 6.0, 0.0, 0.0, 0.0], 
[-0.26, -0.44, 9.51, 9.52, 0.0, 6.0, 0.0, 0.0, 0.28], 
[-0.25, -0.47, 9.5, 9.51, 0.0, 7.0, 0.0, 0.0, 0.28], 
[-0.25, -0.45, 9.5, 9.51, 0.24, 7.0, 0.0, 0.0, 0.28], 
[-0.26, -0.45, 9.51, 9.52, 0.24, 7.0, 0.0, 0.0, 0.28], 
[-0.11, -0.24, 9.46, 9.46, 0.24, 7.0, 0.0, 0.0, -0.09], 
[-0.29, -0.45, 9.5, 9.52, -0.28, 7.0, 0.0, 0.0, -0.09], 
[-0.29, -0.51, 9.52, 9.54, -0.28, 7.0, 0.0, 0.0, -0.09], 
[-0.26, -0.47, 9.52, 9.54, -0.28, 7.0, 0.0, 0.0, -0.09], 
[-0.27, -0.47, 9.53, 9.55, 0.01, 7.0, 0.0, 0.0, -0.09], 
[-0.24, -0.42, 9.52, 9.53, 0.01, 8.0, 0.0, 0.0, -0.09], 
[-0.32, -0.48, 9.55, 9.57, 0.01, 8.0, 0.0, 0.0, -0.09], 
[0.24, -0.13, 9.53, 9.53, 0.0, 8.0, 0.0, 0.0, -0.09], 
[1.0, -0.26, 9.61, 9.67, 0.0, 8.0, 0.0, 0.0, -0.09], 
[-0.87, -1.79, 9.47, 9.68, 0.0, 8.0, 0.0, 0.0, -0.09], 
[-0.29, -0.44, 9.53, 9.54, 0.0, 8.0, 0.0, 0.0, -0.09], 
[-0.54, -0.6, 9.55, 9.58, 0.0, 8.0, 0.0, 0.0, -0.09], 
[0.36, 2.1, 8.27, 8.54, 0.0, 8.0, 0.0, 0.0, 0.09], 
[-0.06, -0.28, 9.41, 9.41, 0.14, 9.0, 0.0, 0.0, 0.09], 
[-0.45, -0.68, 9.53, 9.56, 0.14, 9.0, 0.0, 0.0, 0.09], 
[-0.4, -0.5, 9.46, 9.48, 0.14, 9.0, 0.0, 0.0, 0.09], 
[-0.33, -0.42, 9.54, 9.55, -0.1, 9.0, 0.0, 0.0, -0.09], 
[-0.36, -0.45, 9.52, 9.54, -0.1, 9.0, 0.0, 0.0, -0.09], 
[-0.34, -0.45, 9.51, 9.53, -0.1, 9.0, 0.0, 0.0, -0.09], 
[-0.36, -0.71, 9.34, 9.37, 0.01, 9.0, 0.0, 0.0, -0.09], 
[-2.13, 0.46, 9.61, 9.85, 0.01, 9.0, 0.0, 0.0, 0.0], 
[-2.56, -0.16, 10.9, 11.2, 0.01, 10.0, 0.0, 0.0, 0.0], 
[0.28, 0.86, 9.08, 9.12, 0.08, 10.0, 0.0, 0.0, 0.0], 
[-0.33, 0.01, 8.99, 9.0, 0.08, 10.0, 0.0, 0.0, 0.0], 
[-0.21, -1.79, 9.63, 9.8, 0.08, 10.0, 0.0, 0.0, -0.09], 
[1.13, 1.62, 8.62, 8.84, -0.07, 10.0, 0.0, 0.0, -0.09], 
[3.99, 0.27, 8.59, 9.48, -0.07, 10.0, 0.0, 0.0, -0.09], 
[3.97, -1.06, 8.68, 9.6, -0.07, 10.0, 0.0, 0.0, -0.09], 
[1.61, -1.9, 10.21, 10.51, 0.14, 10.0, 0.0, 0.0, 0.19], 
[2.91, -1.47, 8.47, 9.08, 0.14, 11.0, 0.0, 0.0, 0.19], 
[1.9, 0.92, 8.72, 8.97, 0.14, 11.0, 0.0, 0.0, 0.19], 
[0.12, -0.01, 9.84, 9.84, -0.02, 11.0, 0.0, 0.0, 0.19], 
[-0.45, -0.6, 9.45, 9.48, -0.02, 11.0, 0.0, 0.0, 0.47], 
[-0.28, -0.49, 9.51, 9.53, -0.02, 11.0, 0.0, 0.0, 0.47], 
[-0.33, -0.45, 9.5, 9.52, 0.24, 11.0, 0.0, 0.0, 0.47], 
[-0.31, -0.43, 9.51, 9.52, 0.24, 11.0, 0.0, 0.0, 0.47], 
[-0.33, -0.49, 9.5, 9.52, 0.24, 11.0, 0.0, 0.0, 0.37], 
[-0.3, -0.45, 9.49, 9.51, -0.07, 12.0, 0.0, 0.0, 0.37], 
[-0.35, -0.48, 9.51, 9.53, -0.07, 12.0, 0.0, 0.0, 0.37], 
[-0.31, -0.43, 9.5, 9.51, -0.07, 12.0, 0.0, 0.0, 0.37], 
[-0.3, -0.46, 9.49, 9.51, 0.05, 12.0, 0.0, 0.0, 0.47], 
[-0.27, -0.46, 9.53, 9.54, 0.05, 12.0, 0.0, 0.0, 0.47], 
[-0.31, -0.45, 9.55, 9.57, 0.05, 12.0, 0.0, 0.0, 0.47], 
[-0.32, -0.45, 9.52, 9.54, -0.01, 12.0, 0.0, 0.0, 0.47], 
[-0.32, -0.45, 9.53, 9.55, -0.01, 12.0, 0.0, 0.0, 0.47], 
[-0.32, -0.46, 9.5, 9.52, -0.01, 13.0, 0.0, 0.0, 0.47], 
[-0.31, -0.46, 9.5, 9.52, -0.0, 13.0, 0.0, 0.0, 0.47], 
[-0.29, -0.46, 9.54, 9.56, -0.0, 13.0, 0.0, 0.0, 0.47], 
[-0.3, -0.46, 9.5, 9.52, -0.0, 13.0, 0.0, 0.0, 0.28], 
[-0.29, -0.46, 9.51, 9.53, -0.14, 13.0, 0.0, 0.0, 0.28], 
[-0.29, -0.45, 9.5, 9.52, -0.14, 13.0, 0.0, 0.0, 0.28], 
[-0.3, -0.44, 9.52, 9.53, -0.14, 13.0, 0.0, 0.0, 0.28], 
[-0.32, -0.46, 9.51, 9.53, -0.04, 13.0, 0.0, 0.0, 0.19], 
[-0.29, -0.46, 9.51, 9.53, -0.04, 14.0, 0.0, 0.0, 0.19], 
[-0.32, -0.45, 9.52, 9.54, -0.04, 14.0, 0.0, 0.0, 0.19], 
[-0.3, -0.45, 9.48, 9.5, 0.01, 14.0, 0.0, 0.0, 0.19], 
[-0.3, -0.45, 9.53, 9.55, 0.01, 14.0, 0.0, 0.0, 0.47], 
[-0.3, -0.45, 9.5, 9.52, 0.01, 14.0, 0.0, 0.0, 0.47], 
[-0.29, -0.45, 9.53, 9.55, 0.25, 14.0, 0.0, 0.0, 0.47], 
[-0.3, -0.45, 9.51, 9.53, 0.25, 14.0, 0.0, 0.0, 0.47], 
[-0.3, -0.45, 9.49, 9.51, 0.25, 14.0, 0.0, 0.0, 0.47], 
[-0.28, -0.45, 9.51, 9.52, -0.0, 16.0, 0.0, 0.0, 0.47], 
[-0.31, -0.47, 9.52, 9.54, -0.0, 16.0, 0.0, 0.0, 0.47], 
[-0.31, -0.46, 9.52, 9.54, -0.0, 16.0, 0.0, 0.0, 0.47], 
[-0.28, -0.46, 9.5, 9.52, -0.05, 16.0, 0.0, 0.0, 0.37], 
[-0.29, -0.43, 9.52, 9.53, -0.05, 16.0, 0.0, 0.0, 0.37], 
[-0.31, -0.47, 9.51, 9.53, -0.05, 16.0, 0.0, 0.0, 0.37], 
[-0.31, -0.45, 9.52, 9.54, 0.01, 16.0, 0.0, 0.0, 0.37], 
[-0.28, -0.44, 9.53, 9.54, 0.01, 16.0, 0.0, 0.0, 0.28], 
[-0.32, -0.46, 9.5, 9.52, 0.01, 17.0, 0.0, 0.0, 0.28], 
[-0.3, -0.46, 9.5, 9.52, -0.08, 17.0, 0.0, 0.0, 0.28], 
[-0.29, -0.45, 9.5, 9.52, -0.08, 17.0, 0.0, 0.0, 0.28], 
[-0.29, -0.45, 9.5, 9.52, -0.08, 17.0, 0.0, 0.0, 0.19], 
[-0.29, -0.45, 9.51, 9.53, -0.07, 17.0, 0.0, 0.0, 0.19], 
[-0.3, -0.46, 9.5, 9.52, -0.07, 17.0, 0.0, 0.0, 0.19], 
[-0.28, -0.45, 9.5, 9.51, -0.07, 17.0, 0.0, 0.0, 0.19], 
[-0.28, -0.46, 9.52, 9.54, 0.0, 17.0, 0.0, 0.0, 0.19], 
[-0.3, -0.46, 9.53, 9.55, 0.0, 18.0, 0.0, 0.0, 0.19], 
[-0.3, -0.45, 9.53, 9.55, 0.0, 18.0, 0.0, 0.0, 0.19], 
[-0.31, -0.46, 9.5, 9.52, 0.0, 18.0, 0.0, 0.0, 0.19], 
[-0.28, -0.45, 9.51, 9.52, 0.0, 18.0, 0.0, 0.0, 0.19], 
[-0.32, -0.45, 9.5, 9.52, 0.0, 18.0, 0.0, 0.0, 0.19], 
[-0.3, -0.45, 9.51, 9.53, 0.0, 18.0, 0.0, 0.0, 0.19], 
[-0.28, -0.45, 9.52, 9.53, 0.0, 18.0, 0.0, 0.0, 0.19], 
[-0.28, -0.45, 9.53, 9.54, 0.0, 18.0, 0.0, 0.0, 0.19], 
[-0.31, -0.46, 9.5, 9.52, 0.0, 19.0, 0.0, 0.0, 0.19], 
[-0.29, -0.45, 9.5, 9.52, 0.0, 19.0, 0.0, 0.0, 0.19], 
[-0.3, -0.45, 9.51, 9.53, 0.0, 19.0, 0.0, 0.0, 0.19], 
[-0.32, -0.43, 9.53, 9.55, 0.05, 19.0, 0.0, 0.0, 0.28], 
[-0.32, -0.45, 9.53, 9.55, 0.05, 19.0, 0.0, 0.0, 0.28], 
[-0.3, -0.48, 9.5, 9.52, 0.05, 19.0, 0.0, 0.0, 0.28], 
[-0.31, -0.43, 9.5, 9.51, -0.01, 19.0, 0.0, 0.0, 0.28], 
[-0.29, -0.45, 9.52, 9.54, -0.01, 19.0, 0.0, 0.0, 0.37], 
[-0.29, -0.46, 9.51, 9.53, -0.01, 20.0, 0.0, 0.0, 0.37],
 [-0.29, -0.45, 9.52, 9.54, 0.08, 20.0, 0.0, 0.0, 0.37], 
[-0.29, -0.47, 9.5, 9.52, 0.08, 20.0, 0.0, 0.0, 0.37], 
[-0.3, -0.46, 9.49, 9.51, 0.08, 20.0, 0.0, 0.0, 0.19], 
[-0.29, -0.48, 9.52, 9.54, -0.14, 20.0, 0.0, 0.0, 0.19], 
[-0.28, -0.45, 9.52, 9.53, -0.14, 20.0, 0.0, 0.0, 0.19], 
[-0.31, -0.45, 9.5, 9.52, -0.14, 20.0, 0.0, 0.0, 0.19], 
[-0.3, -0.45, 9.5, 9.52, -0.09, 20.0, 0.0, 0.0, 0.0], 
[-0.3, -0.45, 9.51, 9.53, -0.09, 21.0, 0.0, 0.0, 0.0], 
[-0.26, -0.46, 9.51, 9.52, -0.09, 21.0, 0.0, 0.0, 0.0], 
[-0.3, -0.46, 9.51, 9.53, 0.01, 21.0, 0.0, 0.0, 0.0], 
[-0.3, -0.45, 9.51, 9.53, 0.01, 21.0, 0.0, 0.0, 0.09], 
[-0.3, -0.44, 9.49, 9.5, 0.01, 21.0, 0.0, 0.0, 0.09], 
[-0.31, -0.44, 9.53, 9.55, 0.08, 21.0, 0.0, 0.0, 0.09], 
[-0.29, -0.48, 9.51, 9.53, 0.08, 21.0, 0.0, 0.0, 0.09], 
[-0.27, -0.45, 9.54, 9.55, 0.08, 21.0, 0.0, 0.0, 0.19], 
[-0.29, -0.45, 9.5, 9.52, 0.07, 22.0, 0.0, 0.0, 0.19], 
[-0.28, -0.43, 9.53, 9.54, 0.07, 22.0, 0.0, 0.0, 0.19], 
[-0.29, -0.45, 9.53, 9.55, 0.07, 22.0, 0.0, 0.0, 0.19], 
[-0.31, -0.45, 9.54, 9.56, -0.0, 22.0, 0.0, 0.0, 0.19], 
[-0.31, -0.45, 9.53, 9.55, -0.0, 22.0, 0.0, 0.0, 0.19], 
[-0.31, -0.45, 9.52, 9.54, -0.0, 22.0, 0.0, 0.0, 0.19], 
[-0.29, -0.45, 9.51, 9.53, -0.0, 22.0, 0.0, 0.0, 0.19], 
[-0.3, -0.45, 9.51, 9.53, -0.0, 22.0, 0.0, 0.0, 0.28], 
[-0.33, -0.47, 9.51, 9.53, -0.0, 23.0, 0.0, 0.0, 0.28], 
[-0.28, -0.48, 9.53, 9.55, 0.08, 23.0, 0.0, 0.0, 0.28], 
[-0.28, -0.45, 9.51, 9.52, 0.08, 23.0, 0.0, 0.0, 0.28], 
[-0.31, -0.45, 9.51, 9.53, 0.08, 23.0, 0.0, 0.0, 0.09], 
[-0.31, -0.46, 9.5, 9.52, -0.14, 23.0, 0.0, 0.0, 0.09], 
[-0.33, -0.45, 9.52, 9.54, -0.14, 23.0, 0.0, 0.0, 0.09], 
[-0.3, -0.46, 9.51, 9.53, -0.14, 23.0, 0.0, 0.0, 0.09], 
[-0.28, -0.45, 9.53, 9.54, 0.05, 23.0, 0.0, 0.0, 0.19], 
[-0.29, -0.46, 9.5, 9.52, 0.05, 25.0, 0.0, 0.0, 0.19], 
[-0.3, -0.45, 9.52, 9.54, 0.05, 25.0, 0.0, 0.0, 0.19], 
[-0.31, -0.43, 9.52, 9.53, -0.01, 25.0, 0.0, 0.0, 0.19], 
[-0.33, -0.45, 9.53, 9.55, -0.01, 25.0, 0.0, 0.0, 0.09], 
[-0.29, -0.47, 9.52, 9.54, -0.01, 25.0, 0.0, 0.0, 0.09], 
[-0.29, -0.45, 9.51, 9.53, -0.08, 25.0, 0.0, 0.0, 0.09], 
[-0.29, -0.45, 9.5, 9.52, -0.08, 25.0, 0.0, 0.0, 0.09], 
[-0.3, -0.45, 9.5, 9.52, -0.08, 25.0, 0.0, 0.0, 0.0], 
[-0.29, -0.45, 9.49, 9.51, -0.07, 26.0, 0.0, 0.0, 0.0], 
[-0.3, -0.43, 9.51, 9.52, -0.07, 26.0, 0.0, 0.0, 0.0], 
[-0.3, -0.43, 9.51, 9.52, -0.07, 26.0, 0.0, 0.0, 0.0], 
[-0.29, -0.43, 9.51, 9.52, 0.1, 26.0, 0.0, 0.0, 0.19], 
[-0.3, -0.44, 9.5, 9.51, 0.1, 26.0, 0.0, 0.0, 0.19], 
[-0.3, -0.46, 9.51, 9.53, 0.1, 26.0, 0.0, 0.0, 0.19], 
[-0.31, -0.45, 9.5, 9.52, -0.01, 26.0, 0.0, 0.0, 0.19], 
[-0.31, -0.47, 9.5, 9.52, -0.01, 26.0, 0.0, 0.0, 0.28], 
[-0.3, -0.46, 9.54, 9.56, -0.01, 27.0, 0.0, 0.0, 0.28], 
[-0.31, -0.46, 9.52, 9.54, 0.08, 27.0, 0.0, 0.0, 0.28], 
[-0.33, -0.45, 9.51, 9.53, 0.08, 27.0, 0.0, 0.0, 0.28], 
[-0.32, -0.48, 9.5, 9.52, 0.08, 27.0, 0.0, 0.0, 0.28], 
[-0.29, -0.45, 9.48, 9.5, -0.0, 27.0, 0.0, 0.0, 0.28], 
[-0.3, -0.46, 9.5, 9.52, -0.0, 27.0, 0.0, 0.0, 0.28], 
[-0.29, -0.45, 9.52, 9.54, -0.0, 27.0, 0.0, 0.0, 0.28], 
[-0.31, -0.44, 9.52, 9.54, -0.0, 27.0, 0.0, 0.0, 0.28], 
[-0.33, -0.48, 9.47, 9.49, -0.0, 28.0, 0.0, 0.0, 0.28], 
[-0.29, -0.45, 9.49, 9.51, -0.0, 28.0, 0.0, 0.0, 0.28], 
[-0.31, -0.45, 9.51, 9.53, -0.0, 28.0, 0.0, 0.0, 0.28], 
[-0.28, -0.43, 9.51, 9.52, -0.0, 28.0, 0.0, 0.0, -0.19], 
[-0.28, -0.46, 9.53, 9.55, -0.0, 28.0, 0.0, 0.0, -0.19], 
[-0.29, -0.46, 9.51, 9.53, -0.41, 28.0, 0.0, 0.0, -0.19], 
[-0.29, -0.45, 9.5, 9.52, -0.41, 28.0, 0.0, 0.0, -0.19], 
[-0.31, -0.45, 9.51, 9.53, -0.41, 28.0, 0.0, 0.0, 0.09], 
[-0.3, -0.46, 9.51, 9.53, 0.22, 29.0, 0.0, 0.0, 0.09], 
[-0.31, -0.46, 9.51, 9.53, 0.22, 29.0, 0.0, 0.0, 0.09], 
[-0.32, -0.47, 9.51, 9.53, 0.22, 29.0, 0.0, 0.0, 0.09], 
[-0.28, -0.45, 9.49, 9.5, -0.01, 29.0, 0.0, 0.0, 0.09], 
[-0.3, -0.45, 9.47, 9.49, -0.01, 29.0, 0.0, 0.0, 0.09], 
[-0.3, -0.46, 9.51, 9.53, -0.01, 29.0, 0.0, 0.0, 0.09], 
[-0.31, -0.45, 9.48, 9.5, -0.0, 29.0, 0.0, 0.0, 0.09], 
[-0.14, -0.26, 9.56, 9.56, -0.0, 29.0, 0.0, 0.0, 0.19], 
[-0.29, -0.47, 9.51, 9.53, -0.0, 30.0, 0.0, 0.0, 0.19], 
[-0.31, -0.47, 9.5, 9.52, 0.08, 30.0, 0.0, 0.0, 0.19], 
[-0.3, -0.46, 9.5, 9.52, 0.08, 30.0, 0.0, 0.0, 0.19], 
[-0.3, -0.45, 9.52, 9.54, 0.08, 30.0, 0.0, 0.0, 0.28], 
[-0.29, -0.46, 9.5, 9.52, 0.07, 30.0, 0.0, 0.0, 0.28], 
[-0.29, -0.45, 9.48, 9.5, 0.07, 30.0, 0.0, 0.0, 0.28], 
[-0.32, -0.45, 9.48, 9.5, 0.07, 30.0, 0.0, 0.0, 0.28], 
[-0.3, -0.45, 9.54, 9.56, 0.04, 30.0, 0.0, 0.0, 0.37], 
[-0.31, -0.47, 9.51, 9.53, 0.04, 31.0, 0.0, 0.0, 0.37], 
[-0.3, -0.45, 9.5, 9.52, 0.04, 31.0, 0.0, 0.0, 0.37], 
[-0.31, -0.47, 9.51, 9.53, -0.01, 31.0, 0.0, 0.0, 0.37], 
[-0.32, -0.47, 9.51, 9.53, -0.01, 31.0, 0.0, 0.0, 0.09], 
[-0.33, -0.45, 9.54, 9.56, -0.01, 31.0, 0.0, 0.0, 0.09], 
[-0.32, -0.49, 9.53, 9.55, -0.25, 31.0, 0.0, 0.0, 0.09], 
[-0.36, -0.53, 9.49, 9.51, -0.25, 31.0, 0.0, 0.0, 0.09], 
[-0.31, -0.45, 9.5, 9.52, -0.25, 31.0, 0.0, 0.0, 0.47], 
[-0.31, -0.44, 9.53, 9.55, 0.28, 32.0, 0.0, 0.0, 0.47], 
[-0.32, -0.47, 9.51, 9.53, 0.28, 32.0, 0.0, 0.0, 0.47], 
[-0.29, -0.46, 9.53, 9.55, 0.28, 32.0, 0.0, 0.0, 0.47], 
[-0.32, -0.45, 9.51, 9.53, -0.01, 32.0, 0.0, 0.0, 0.47], 
[-0.29, -0.45, 9.51, 9.53, -0.01, 32.0, 0.0, 0.0, 0.47], 
[-0.31, -0.44, 9.5, 9.52, -0.01, 32.0, 0.0, 0.0, 0.47], 
[-0.29, -0.45, 9.54, 9.56, -0.0, 32.0, 0.0, 0.0, 0.47], 
[-0.3, -0.46, 9.51, 9.53, -0.0, 32.0, 0.0, 0.0, 0.19], 
[-0.29, -0.47, 9.53, 9.55, -0.0, 34.0, 0.0, 0.0, 0.19], 
[-0.3, -0.45, 9.5, 9.52, -0.24, 34.0, 0.0, 0.0, 0.19], 
[-0.3, -0.45, 9.51, 9.53, -0.24, 34.0, 0.0, 0.0, 0.19], 
[-0.33, -0.46, 9.5, 9.52, -0.24, 34.0, 0.0, 0.0, 0.0], 
[-0.29, -0.45, 9.5, 9.52, -0.14, 34.0, 0.0, 0.0, 0.0], 
[-0.3, -0.45, 9.52, 9.54, -0.14, 34.0, 0.0, 0.0, 0.0], 
[-0.29, -0.46, 9.48, 9.5, -0.14, 34.0, 0.0, 0.0, 0.0], 
[-0.31, -0.46, 9.5, 9.52, 0.19, 34.0, 0.0, 0.0, 0.37], 
[-0.29, -0.45, 9.51, 9.53, 0.19, 35.0, 0.0, 0.0, 0.37], 
[-0.3, -0.45, 9.53, 9.55, 0.19, 35.0, 0.0, 0.0, 0.37], 
[-2.93, -1.27, 9.49, 10.01, -0.02, 35.0, 0.0, 0.0, 0.37], 
[-0.88, -1.3, 9.65, 9.78, -0.02, 35.0, 0.0, 0.0, 0.09], 
[-0.31, -0.46, 9.5, 9.52, -0.02, 35.0, 0.0, 0.0, 0.09], 
[-0.3, -0.43, 9.51, 9.52, -0.25, 35.0, 0.0, 0.0, 0.09], 
[-0.71, -1.45, 9.89, 10.02, -0.25, 35.0, 0.0, 0.0, 0.09], 
[-0.28, -0.43, 9.51, 9.52, -0.25, 36.0, 0.0, 0.0, 0.28], 
[-0.3, -0.44, 9.52, 9.53, 0.14, 36.0, 0.0, 0.0, 0.28], 
[-0.33, -0.33, 9.51, 9.52, 0.14, 36.0, 0.0, 0.0, 0.28], 
[-0.34, -0.41, 9.5, 9.51, 0.14, 36.0, 0.0, 0.0, 0.28], 
[-0.21, -0.44, 9.61, 9.62, 0.09, 36.0, 0.0, 0.0, 0.47], 
[-0.52, -1.04, 9.72, 9.79, 0.09, 36.0, 0.0, 0.0, 0.47], 
[1.04, -1.21, 7.32, 7.49, 0.09, 36.0, 0.0, 0.0, 0.47], 
[-2.66, 3.07, 8.09, 9.05, -0.01, 37.0, 0.0, 0.0, 0.47], 
[-2.95, 0.74, 10.57, 11.0, -0.01, 37.0, 0.0, 0.0, 0.47], 
[-0.28, 3.14, 10.34, 10.81, -0.01, 37.0, 0.0, 0.0, 0.47], 
[-0.81, 0.33, 9.72, 9.76, -0.0, 37.0, 0.0, 0.0, 0.47], 
[-0.17, -0.07, 8.7, 8.7, -0.0, 37.0, 0.0, 0.0, 0.47], 
[-1.3, 1.82, 12.34, 12.54, -0.0, 37.0, 0.0, 0.0, 0.47], 
[0.71, -5.89, 25.17, 25.86, -0.0, 37.0, 0.0, 0.0, 0.47], 
[2.61, -0.29, 37.94, 38.03, -0.0, 38.0, 0.0, 0.0, 0.47], 
[-1.7, 0.23, -1.01, 1.99, -0.0, 38.0, 0.0, 0.0, 0.47], 
[-1.24, -0.65, -1.19, 1.84, 0.61, 38.0, 0.0, 0.0, 1.68], 
[-1.38, -0.56, -1.05, 1.82, 0.61, 38.0, 0.0, 0.0, 1.68], 
[-1.35, -0.5, -1.04, 1.78, 0.61, 38.0, 0.0, 0.0, 1.68], 
[-1.34, -0.48, -0.97, 1.72, -0.08, 38.0, 0.0, 0.0, 1.68], 
[-1.29, -0.36, -0.76, 1.54, -0.08, 38.0, 0.0, 0.0, 1.77], 
[0.74, 1.62, -1.17, 2.13, -0.08, 39.0, 0.0, 0.0, 1.77], 
[-11.61, 4.91, 25.11, 28.1, 0.07, 39.0, 0.0, 0.0, 1.77], 
[-4.62, -5.23, 7.29, 10.09, 0.07, 39.0, 0.0, 0.0, 1.77], 
[-2.82, -2.29, 11.06, 11.64, 0.07, 39.0, 0.0, 0.0, 0.47], 
[-0.75, -4.23, 6.88, 8.11, -0.98, 39.0, 0.0, 0.0, 0.47], 
[0.22, -1.3, 6.63, 6.76, -0.98, 39.0, 0.0, 0.0, 0.47], 
[-2.22, 0.49, 11.62, 11.84, -0.98, 39.0, 0.0, 0.0, 0.47], 
[1.27, 2.75, 9.16, 9.65, -0.05, 40.0, 0.0, 0.0, 0.28], 
[-1.22, -1.81, 9.48, 9.73, -0.05, 40.0, 0.0, 0.0, 0.28], 
[0.27, 7.53, 9.87, 12.42, -0.05, 40.0, 0.0, 0.0, 0.28], 
[1.87, -0.3, 9.71, 9.89, 0.02, 40.0, 0.0, 0.0, 0.28], 
[0.04, -2.3, 9.78, 10.05, 0.02, 40.0, 0.0, 0.0, 0.47], 
[0.06, 0.0, 9.42, 9.42, 0.02, 40.0, 0.0, 0.0, 0.47], 
[-0.21, -0.32, 9.54, 9.55, 0.17, 40.0, 0.0, 0.0, 0.47], 
[-0.27, -0.42, 9.52, 9.53, 0.17, 41.0, 0.0, 0.0, 0.47], 
[-0.35, -0.44, 9.5, 9.52, 0.17, 41.0, 0.0, 0.0, 0.19], 
[-0.28, -0.39, 9.5, 9.51, -0.21, 41.0, 0.0, 0.0, 0.19], 
[-0.27, -0.42, 9.55, 9.56, -0.21, 41.0, 0.0, 0.0, 0.19], 
[-0.28, -0.39, 9.5, 9.51, -0.21, 41.0, 0.0, 0.0, 0.19], 
[-0.33, -0.42, 9.5, 9.52, 0.01, 41.0, 0.0, 0.0, 0.19], 
[-0.3, -0.43, 9.5, 9.51, 0.01, 41.0, 0.0, 0.0, 0.19], 
[-0.29, -0.44, 9.48, 9.49, 0.01, 42.0, 0.0, 0.0, 0.19], 
[-0.32, -0.43, 9.5, 9.52, 0.0, 42.0, 0.0, 0.0, 0.19], 
[-0.3, -0.44, 9.49, 9.5, 0.0, 42.0, 0.0, 0.0, 0.19], 
[-0.31, -0.45, 9.49, 9.51, 0.0, 42.0, 0.0, 0.0, 0.19], 
[-0.3, -0.42, 9.5, 9.51, 0.0, 42.0, 0.0, 0.0, 0.19], 
[-0.32, -0.43, 9.49, 9.51, 0.0, 42.0, 0.0, 0.0, 0.19], 
[-0.3, -0.43, 9.5, 9.51, 0.0, 42.0, 0.0, 0.0, 0.28], 
[-0.29, -0.43, 9.51, 9.52, 0.07, 43.0, 0.0, 0.0, 0.28], 
[-0.3, -0.43, 9.51, 9.52, 0.07, 43.0, 0.0, 0.0, 0.28], 
[-0.3, -0.44, 9.5, 9.51, 0.07, 43.0, 0.0, 0.0, 0.28], 
[-0.31, -0.43, 9.5, 9.51, 0.04, 43.0, 0.0, 0.0, 0.37], 
[-0.3, -0.44, 9.5, 9.51, 0.04, 43.0, 0.0, 0.0, 0.37], 
[-0.31, -0.42, 9.51, 9.52, 0.04, 43.0, 0.0, 0.0, 0.37], 
[-0.32, -0.44, 9.51, 9.53, -0.01, 43.0, 0.0, 0.0, 0.37], 
[-0.32, -0.42, 9.51, 9.52, -0.01, 44.0, 0.0, 0.0, 0.28], 
[-0.31, -0.41, 9.51, 9.52, -0.01, 44.0, 0.0, 0.0, 0.28], 
[-0.28, -0.43, 9.52, 9.53, -0.08, 44.0, 0.0, 0.0, 0.28], 
[-0.3, -0.44, 9.52, 9.53, -0.08, 44.0, 0.0, 0.0, 0.28], 
[-0.31, -0.42, 9.52, 9.53, -0.08, 44.0, 0.0, 0.0, 0.28], 
[-0.29, -0.42, 9.51, 9.52, 0.0, 44.0, 0.0, 0.0, 0.28], 
[-0.31, -0.45, 9.47, 9.49, 0.0, 44.0, 0.0, 0.0, 0.28], 
[-0.31, -0.42, 9.51, 9.52, 0.0, 45.0, 0.0, 0.0, 0.28], 
[-0.31, -0.43, 9.49, 9.5, -0.05, 45.0, 0.0, 0.0, 0.19], 
[-0.31, -0.43, 9.52, 9.53, -0.05, 45.0, 0.0, 0.0, 0.19], 
[-0.31, -0.42, 9.52, 9.53, -0.05, 45.0, 0.0, 0.0, 0.19], 
[-0.31, -0.45, 9.52, 9.54, 0.01, 45.0, 0.0, 0.0, 0.19], 
[-0.31, -0.43, 9.51, 9.52, 0.01, 45.0, 0.0, 0.0, 0.28], 
[-0.32, -0.44, 9.49, 9.51, 0.01, 45.0, 0.0, 0.0, 0.28], 
[-0.32, -0.45, 9.5, 9.52, 0.08, 46.0, 0.0, 0.0, 0.28], 
[-0.29, -0.44, 9.53, 9.54, 0.08, 46.0, 0.0, 0.0, 0.28], 
[-0.3, -0.44, 9.5, 9.51, 0.08, 46.0, 0.0, 0.0, 0.28], 
[-0.32, -0.43, 9.51, 9.53, -0.0, 46.0, 0.0, 0.0, 0.28], 
[-0.33, -0.42, 9.53, 9.54, -0.0, 46.0, 0.0, 0.0, 0.28], 
[-0.31, -0.42, 9.49, 9.5, -0.0, 46.0, 0.0, 0.0, 0.28], 
[-0.3, -0.44, 9.51, 9.52, 0.09, 46.0, 0.0, 0.0, 0.47], 
[-0.3, -0.43, 9.53, 9.54, 0.09, 47.0, 0.0, 0.0, 0.47], 
[-0.32, -0.43, 9.5, 9.52, 0.09, 47.0, 0.0, 0.0, 0.47], 
[-0.34, -0.5, 9.51, 9.53, -0.01, 47.0, 0.0, 0.0, 0.47], 
[-0.3, -0.43, 9.51, 9.52, -0.01, 47.0, 0.0, 0.0, 0.47], 
[-0.32, -0.45, 9.5, 9.52, -0.01, 47.0, 0.0, 0.0, 0.47], 
[-0.28, -0.39, 9.5, 9.51, -0.0, 47.0, 0.0, 0.0, 0.47], 
[0.26, 0.64, 9.08, 9.11, -0.0, 47.0, 0.0, 0.0, 0.47], 
[-0.3, -0.44, 9.52, 9.53, -0.0, 48.0, 0.0, 0.0, 0.28], 
[-0.4, -0.56, 9.65, 9.67, -0.14, 48.0, 0.0, 0.0, 0.28], 
[-0.22, -0.29, 9.49, 9.5, -0.14, 48.0, 0.0, 0.0, 0.28], 
[-0.31, -0.42, 9.49, 9.5, -0.14, 48.0, 0.0, 0.0, 0.28], 
[-0.29, -0.42, 9.51, 9.52, -0.13, 48.0, 0.0, 0.0, 0.0], 
[-0.31, -0.43, 9.52, 9.53, -0.13, 48.0, 0.0, 0.0, 0.0], 
[-0.29, -0.44, 9.5, 9.51, -0.13, 48.0, 0.0, 0.0, 0.0], 
[-0.3, -0.44, 9.53, 9.54, 0.02, 49.0, 0.0, 0.0, 0.0], 
[-0.43, -0.87, 9.73, 9.78, 0.02, 49.0, 0.0, 0.0, 0.09], 
[0.04, -0.27, 9.52, 9.52, 0.02, 49.0, 0.0, 0.0, 0.09], 
[-0.16, -0.18, 9.51, 9.51, 0.08, 49.0, 0.0, 0.0, 0.09]]